2
5 6
0.0795305 0.145941 0.0606209 0.0307077 0.0228648 0.106928 
0.0933606 0.170817 0.0701644 0.0281338 0.0171336 0.124035 
0.0851636 0.144428 0.0557118 0.0179363 0.0146331 0.102953 
0.0686442 0.120335 0.0582061 0.0231348 0.0157209 0.0855759 
0.077311 0.139639 0.0630817 0.0284672 0.0231234 0.1044
3 6
0.107146 0.132184 0.11592 0.0905052 0.102343 0.671578 
0.12872 0.145726 0.1219 0.108508 0.128611 0.640123 
0.126012 0.141841 0.117435 0.10125 0.119471 0.652396
3
6
1 0.809309 0.396156 0.196039 0.119343 1
6
0.337334 0.390996 0.332336 0.281078 0.328052 1
4
0.856943 0.853725 0.857043 1
